# wavelength(nm) throughput(0-1), from stpsf WFI bandpass
476.0000 7.761242e-04
478.0000 1.078258e-02
480.0000 6.450146e-02
482.0000 1.808647e-01
484.0000 2.843109e-01
486.0000 3.205670e-01
488.0000 3.237824e-01
490.0000 3.217312e-01
492.0000 3.194583e-01
494.0000 3.174071e-01
496.0000 3.160211e-01
498.0000 3.153005e-01
500.0000 3.147461e-01
502.0000 3.145798e-01
504.0000 3.152450e-01
506.0000 3.164646e-01
508.0000 3.181278e-01
510.0000 3.204007e-01
512.0000 3.229785e-01
514.0000 3.259167e-01
516.0000 3.293816e-01
518.0000 3.330959e-01
520.0000 3.370319e-01
522.0000 3.412452e-01
524.0000 3.458188e-01
526.0000 3.504755e-01
528.0000 3.551045e-01
530.0000 3.601771e-01
532.0000 3.654159e-01
534.0000 3.704884e-01
536.0000 3.757550e-01
538.0000 3.810770e-01
540.0000 3.862049e-01
542.0000 3.911389e-01
544.0000 3.963777e-01
546.0000 4.016720e-01
548.0000 4.064119e-01
550.0000 4.108469e-01
552.0000 4.151987e-01
554.0000 4.194674e-01
556.0000 4.235421e-01
558.0000 4.273395e-01
560.0000 4.309430e-01
562.0000 4.344355e-01
564.0000 4.380112e-01
566.0000 4.416978e-01
568.0000 4.443865e-01
570.0000 4.472139e-01
572.0000 4.504847e-01
574.0000 4.532011e-01
576.0000 4.561947e-01
578.0000 4.590220e-01
580.0000 4.619602e-01
582.0000 4.650093e-01
584.0000 4.678089e-01
586.0000 4.702481e-01
588.0000 4.727428e-01
590.0000 4.757087e-01
592.0000 4.785360e-01
594.0000 4.809753e-01
596.0000 4.835808e-01
598.0000 4.867685e-01
600.0000 4.900670e-01
602.0000 4.933932e-01
604.0000 4.973847e-01
606.0000 5.020692e-01
608.0000 5.062824e-01
610.0000 5.104125e-01
612.0000 5.148475e-01
614.0000 5.191717e-01
616.0000 5.234126e-01
618.0000 5.275981e-01
620.0000 5.313679e-01
622.0000 5.348050e-01
624.0000 5.381313e-01
626.0000 5.409309e-01
628.0000 5.438136e-01
630.0000 5.467795e-01
632.0000 5.491910e-01
634.0000 5.513254e-01
636.0000 5.534043e-01
638.0000 5.553723e-01
640.0000 5.567860e-01
642.0000 5.586154e-01
644.0000 5.601954e-01
646.0000 5.610546e-01
648.0000 5.622743e-01
650.0000 5.639374e-01
652.0000 5.651847e-01
654.0000 5.659331e-01
656.0000 5.665984e-01
658.0000 5.675408e-01
660.0000 5.683724e-01
662.0000 5.686496e-01
664.0000 5.688990e-01
666.0000 5.693148e-01
668.0000 5.695920e-01
670.0000 5.693980e-01
672.0000 5.693148e-01
674.0000 5.693425e-01
676.0000 5.690099e-01
678.0000 5.683447e-01
680.0000 5.675408e-01
682.0000 5.669587e-01
684.0000 5.661549e-01
686.0000 5.650184e-01
688.0000 5.642700e-01
690.0000 5.632444e-01
692.0000 5.619971e-01
694.0000 5.608606e-01
696.0000 5.599459e-01
698.0000 5.592806e-01
700.0000 5.588371e-01
702.0000 5.581442e-01
704.0000 5.570631e-01
706.0000 5.562039e-01
708.0000 5.555386e-01
710.0000 5.552891e-01
712.0000 5.547071e-01
714.0000 5.539586e-01
716.0000 5.540695e-01
718.0000 5.540418e-01
720.0000 5.535429e-01
722.0000 5.529608e-01
724.0000 5.522124e-01
726.0000 5.512699e-01
728.0000 5.504938e-01
730.0000 5.499949e-01
732.0000 5.489416e-01
734.0000 5.479714e-01
736.0000 5.479714e-01
738.0000 5.479160e-01
740.0000 5.473062e-01
742.0000 5.471121e-01
744.0000 5.468349e-01
746.0000 5.467795e-01
748.0000 5.469181e-01
750.0000 5.481654e-01
752.0000 5.499949e-01
754.0000 5.498008e-01
756.0000 5.413466e-01
758.0000 4.980223e-01
760.0000 3.814096e-01
762.0000 2.115770e-01
764.0000 7.594930e-02
766.0000 1.638176e-02
768.0000 2.051185e-03
770.0000 1.385936e-04
