CONV NORM
# 7x7 Gaussian kernel, FWHM=3.30 px
0.000846 0.003023 0.006490 0.008372 0.006490 0.003023 0.000846
0.003023 0.010800 0.023185 0.029908 0.023185 0.010800 0.003023
0.006490 0.023185 0.049769 0.064202 0.049769 0.023185 0.006490
0.008372 0.029908 0.064202 0.082821 0.064202 0.029908 0.008372
0.006490 0.023185 0.049769 0.064202 0.049769 0.023185 0.006490
0.003023 0.010800 0.023185 0.029908 0.023185 0.010800 0.003023
0.000846 0.003023 0.006490 0.008372 0.006490 0.003023 0.000846
